Time_001,Time_002,Time_003,Time_004,Time_005,Time_006,Time_007,Time_008,Time_009,Time_0010,Time_012
0.0010001659393310547,0.0,0.0,0.0010004043579101562,0.012003421783447266,0.0,0.0009999275207519531,0.0,0.0010001659393310547,0.0
0.0010001659393310547,0.002000570297241211,0.011163711547851562,0.0009999275207519531,0.0010004043579101562,0.002000570297241211,0.0009999275207519531,0.009851217269897461,0.0019998550415039062,0.0010004043579101562
0.0009999275207519531,0.0,0.010977506637573242,0.0010001659393310547,0.0,0.0010004043579101562,0.0009999275207519531,0.0,0.001001119613647461,0.0009996891021728516
2.0036520957946777,1.9935719966888428,1.9916877746582031,1.991123914718628,1.9901504516601562,1.9878449440002441,1.9908812046051025,2.037972927093506,2.020519495010376,1.9913718700408936
0.0030007362365722656,0.012006044387817383,0.003000020980834961,0.011950969696044922,0.003000497817993164,0.013007164001464844,0.002998828887939453,0.012132406234741211,0.003000497817993164,0.012293577194213867
0.01350712776184082,0.004002809524536133,0.013015985488891602,0.01389765739440918,0.005002021789550781,0.013002395629882812,0.014005422592163086,0.004000663757324219,0.012672185897827148,0.013860702514648438
0.0010006427764892578,0.0,0.0010004043579101562,0.0,0.014010190963745117,0.0,0.0010008811950683594,0.0,0.0009996891021728516,0.0
0.09301877021789551,0.09068059921264648,0.08265852928161621,0.0929868221282959,0.09258842468261719,0.09482431411743164,0.08059501647949219,0.09199404716491699,0.09204363822937012,0.08063006401062012
0.015007972717285156,0.014003276824951172,0.002003908157348633,0.014998435974121094,0.01576089859008789,0.014967203140258789,0.002000570297241211,0.01604008674621582,0.01500082015991211,0.01600956916809082
0.0019996166229248047,0.013835906982421875,0.0020003318786621094,0.01169896125793457,0.0030012130737304688,0.002000093460083008,0.011960268020629883,0.0030002593994140625,0.011004209518432617,0.0030002593994140625
0.029013872146606445,0.033016204833984375,0.04378080368041992,0.03202199935913086,0.031204700469970703,0.032007694244384766,0.03300809860229492,0.046024322509765625,0.03200531005859375,0.030837297439575195
